39
0 0
1 0
2 0
3 0
4 0
5 1
6 0
7 1
8 0
9 1
10 0
11 0
12 1
13 1
14 0
15 1
16 1
17 1
18 0
19 1
20 0
21 0
22 0
23 0
24 0
25 0
26 0
27 0
28 0
29 0
30 0
31 0
32 0
33 0
34 0
35 0
36 0
37 0
38 0
0 1 2
1 2 2 6
2 3 0 1 6
3 4 2 7 4 25
4 4 3 5 8 26
5 2 4 7
6 5 1 2 7 9 11
7 5 3 5 8 9 6
8 4 4 7 10 27
9 5 6 7 10 11 12
10 5 9 13 8 28 14
11 6 6 9 12 15 20 36
12 4 9 11 13 16
13 4 10 12 14 17
14 4 10 13 18 29
15 3 11 21 16
16 4 12 15 22 19
17 4 13 19 23 18
18 4 14 17 24 30
19 4 16 22 23 17
20 3 11 35 21
21 4 15 20 22 34
22 4 16 21 33 19
23 4 17 19 24 32
24 3 18 23 31
25 1 3
26 1 4
27 1 8
28 1 10
29 1 14
30 1 18
31 1 24
32 1 23
33 1 22
34 1 21
35 1 20
36 1 11
37 1 6
38 1 1